proses    tiba      wselesai       waktu_tunggu   
P79       2         21             0              
P60       5         39             16             
P74       5         51             34             
P67       6         64             45             
P96       6         75             58             
P35       8         89             67             
P90       8         94             81             
P95       8         97             86             
P25       9         113            88             
P8        10        124            103            
P50       10        131            114            
P98       10        134            121            
P99       12        147            122            
P47       13        161            134            
P59       16        168            145            
P89       16        188            152            
P37       17        194            171            
P53       18        212            176            
P54       21        226            191            
P57       21        242            205            
P65       21        246            221            
P11       22        254            224            
P72       23        271            231            
P26       24        290            247            
P49       25        310            265            
P68       25        325            285            
P80       25        342            300            
P92       28        345            314            
P64       29        355            316            
P3        32        374            323            
P16       32        383            342            
P2        38        394            345            
P24       39        407            355            
P73       39        413            368            
P17       40        432            373            
P27       40        442            392            
P23       41        447            401            
P51       41        454            406            
P94       41        463            413            
P4        45        482            418            
P13       46        499            436            
P81       46        516            453            
P7        47        522            469            
P34       47        526            475            
P5        48        546            478            
P58       48        565            498            
P32       50        570            515            
P36       52        590            518            
P43       53        597            537            
P66       53        606            544            
P88       54        622            552            
P45       55        639            567            
P83       55        645            584            
P30       56        658            589            
P48       56        670            602            
P62       57        676            613            
P71       57        679            619            
P56       58        699            621            
P42       59        719            640            
P70       59        730            660            
P77       61        735            669            
P87       61        749            674            
P33       62        760            687            
P38       62        778            698            
P69       62        789            716            
P44       64        797            725            
P39       65        805            732            
P85       66        811            739            
P12       67        823            744            
P19       68        842            755            
P14       69        846            773            
P86       69        862            777            
P52       71        877            791            
P29       73        895            804            
P78       73        914            822            
P91       73        924            841            
P100      73        927            851            
P93       76        941            851            
P21       77        954            864            
P31       78        965            876            
P76       79        972            886            
P18       80        991            892            
P84       80        1007           911            
P9        81        1027           926            
P41       84        1030           943            
P61       84        1049           946            
P40       85        1055           964            
P20       86        1073           969            
P55       86        1089           987            
P28       87        1101           1002           
P75       87        1116           1014           
P15       88        1124           1028           
P82       90        1133           1034           
P10       92        1140           1041           
P6        93        1157           1047           
P46       93        1162           1064           
P63       93        1181           1069           
P1        95        1198           1086           
P97       97        1206           1101           
P22       99        1209           1107           
